"Goalie.Name","Goalie.Games.Played","Goalie.Shots.Against","Goalie.Goals.Allowed","Goalie.Save..","Goalie.PK.Shots.Against","Goalie.PK.Goals.Allowed","Goalie.PK.Save..","Goalie.High.Danger.Shots.Against","Goalie.High.Danger.Goals.Allowed","Goalie.High.Danger.Save..","Goalie.Mid.Range.Shots.Against","Goalie.Mid.Range.Goals.Allowed","Goalie.Mid.Range.Save..","Goalie.Long.Range.Shots.Against","Goalie.Long.Range.Goals.Allowed","Goalie.Long.Range.Save.."
"Petr Mrazek",56,1689,154,0.909,200,31,0.817,756,124,0.804,428,25,0.938,373,5,0.99
"Tristan Jarry",51,1346,126,0.906,167,23,0.84,601,100,0.8,339,15,0.954,311,11,0.973
"Juuse Saros",70,1901,164,0.914,276,37,0.845,794,120,0.822,545,27,0.948,420,17,0.969
"Jonas Johansson",26,730,76,0.896,98,13,0.847,338,54,0.81,183,12,0.93,156,12,0.941
"Adin Hill",38,1028,83,0.919,142,13,0.899,450,65,0.831,266,17,0.932,238,1,0.997
"Philipp Grubauer",36,917,88,0.904,146,19,0.85,365,71,0.759,243,9,0.962,238,9,0.97
"Arvid Soderblom",32,918,104,0.887,128,23,0.781,450,82,0.777,235,14,0.937,167,8,0.965
"Linus Ullmark",42,1212,93,0.923,166,20,0.863,523,71,0.843,310,18,0.938,297,4,0.99
"Jacob Markstrom",48,1334,119,0.911,193,24,0.858,652,86,0.848,309,22,0.923,282,11,0.97
"Connor Hellebuyck",65,1903,145,0.924,287,41,0.833,841,111,0.848,424,29,0.927,461,5,0.992
"Frederik Andersen",26,664,51,0.923,89,10,0.873,304,41,0.844,149,7,0.951,152,4,0.981
"Joonas Korpisalo",55,1483,152,0.898,207,37,0.782,666,114,0.793,355,27,0.918,357,12,0.974
"Cam Talbot",57,1577,136,0.914,277,28,0.888,679,106,0.815,364,22,0.936,380,9,0.983
"Alexandar Georgiev",74,2024,199,0.902,351,53,0.822,926,154,0.801,437,26,0.937,474,20,0.969
"Thatcher Demko",52,1448,117,0.919,244,25,0.886,648,84,0.851,328,20,0.935,350,13,0.972
"Jack Campbell",5,156,20,0.872,27,3,0.875,84,19,0.708,37,1,0.972,28,0,1
"Stuart Skinner",81,2063,193,0.906,315,38,0.863,914,144,0.813,555,36,0.931,451,13,0.978
"Casey DeSmith",31,776,76,0.902,128,24,0.769,343,58,0.796,183,12,0.93,186,6,0.976
"Jake Allen",34,1053,103,0.902,159,24,0.822,497,77,0.817,262,20,0.917,232,7,0.976
"Ilya Samsonov",45,1179,117,0.901,186,33,0.784,478,81,0.796,337,29,0.906,281,7,0.981
"Devon Levi",23,634,61,0.904,112,16,0.833,310,50,0.808,159,8,0.947,131,3,0.982
"Igor Shesterkin",71,2070,163,0.921,262,35,0.846,907,136,0.824,522,18,0.964,465,10,0.984
"Carter Hart",26,714,64,0.91,89,11,0.859,302,45,0.825,180,13,0.922,163,6,0.974
"Elvis Merzlikins",41,1233,114,0.908,174,21,0.863,569,91,0.81,314,15,0.95,273,9,0.975
"Jake Oettinger",73,1912,166,0.913,267,37,0.839,774,128,0.802,489,29,0.937,466,9,0.986
"Jordan Binnington",57,1750,146,0.917,232,29,0.857,828,115,0.839,410,19,0.951,394,12,0.977
"Vitek Vanecek",32,830,83,0.9,115,15,0.85,362,69,0.765,192,8,0.957,194,6,0.978
"Ville Husso",19,543,52,0.904,93,11,0.866,241,38,0.813,127,11,0.905,134,3,0.983
"Filip Gustavsson",45,1247,124,0.901,262,31,0.866,526,89,0.796,325,23,0.924,309,12,0.969
"Sergei Bobrovsky",82,2109,175,0.917,357,41,0.87,912,132,0.831,471,33,0.925,509,11,0.985
"Kaapo Kahkonen",37,1113,108,0.903,146,24,0.803,506,77,0.821,276,23,0.909,255,8,0.975
"Logan Thompson",50,1386,116,0.916,182,26,0.833,564,85,0.823,351,19,0.943,353,12,0.974
"Akira Schmid",19,442,44,0.9,68,9,0.847,211,38,0.78,85,3,0.963,107,3,0.979
"Karel Vejmelka",37,1067,105,0.902,170,23,0.844,460,77,0.799,277,20,0.922,239,9,0.972
"Charlie Lindgren",54,1491,133,0.911,234,28,0.864,616,96,0.815,369,23,0.934,376,15,0.97
"John Gibson",46,1320,145,0.89,263,45,0.794,596,106,0.784,337,34,0.888,299,6,0.985
"Jeremy Swayman",56,1601,120,0.925,275,29,0.882,694,87,0.857,372,24,0.931,400,10,0.981
"Ilya Sorokin",57,1786,160,0.91,241,43,0.783,753,110,0.829,429,33,0.917,465,17,0.972
"Alex Nedeljkovic",38,1014,97,0.904,154,19,0.859,442,79,0.782,255,11,0.955,239,7,0.978
"Pheonix Copley",8,171,18,0.895,48,4,0.909,91,12,0.848,41,6,0.829,29,0,1
"Sam Montembeault",41,1270,115,0.909,222,26,0.867,576,90,0.815,288,16,0.941,309,9,0.978
"Mackenzie Blackwood",44,1345,128,0.905,234,33,0.836,634,99,0.815,315,23,0.921,303,8,0.98
"Spencer Martin",19,518,57,0.89,75,13,0.79,252,46,0.777,109,8,0.921,122,3,0.981
"Anton Forsberg",30,747,80,0.893,108,19,0.787,315,59,0.77,192,16,0.909,177,6,0.975
"Joey Daccord",50,1326,101,0.924,169,19,0.873,500,73,0.829,355,23,0.931,340,5,0.989
"Lukas Dostal",44,1257,122,0.903,279,42,0.823,557,95,0.794,332,17,0.946,273,11,0.97
"Antti Raanta",24,484,57,0.882,51,13,0.658,230,46,0.75,103,11,0.88,102,1,0.993
"Matt Tomkins",6,178,18,0.899,39,1,0.974,75,13,0.79,50,4,0.913,35,1,0.981
"Connor Ingram",50,1426,126,0.912,267,38,0.834,636,91,0.833,393,28,0.923,297,7,0.982
"Darcy Kuemper",33,917,98,0.893,141,24,0.795,396,69,0.789,192,21,0.877,254,10,0.969
"Joseph Woll",28,808,68,0.916,127,12,0.896,377,50,0.847,182,10,0.942,188,8,0.967
"James Reimer",25,713,66,0.907,125,13,0.884,303,51,0.798,191,10,0.945,167,5,0.977
"Kevin Lankinen",24,595,52,0.913,82,20,0.677,258,41,0.811,160,9,0.94,129,2,0.989
"Marc-Andre Fleury",40,1027,105,0.898,176,34,0.761,414,76,0.775,278,22,0.914,258,7,0.979
"Joel Hofer",30,811,64,0.921,103,14,0.843,375,50,0.846,207,11,0.944,181,3,0.987
"Dan Vladar",20,556,61,0.89,72,10,0.839,245,39,0.811,129,12,0.897,132,11,0.936
"Pyotr Kochetkov",43,1037,91,0.912,145,14,0.893,481,67,0.838,210,17,0.912,246,7,0.979
"Jonathan Quick",27,756,67,0.911,109,10,0.899,350,50,0.833,192,13,0.927,161,4,0.981
"Laurent Brossoit",24,595,42,0.929,80,13,0.806,227,30,0.848,174,10,0.939,144,2,0.99
"Semyon Varlamov",33,953,74,0.922,137,23,0.798,393,55,0.837,245,15,0.935,222,4,0.987
"Eric Comrie",10,247,29,0.883,44,7,0.811,126,21,0.8,50,4,0.913,55,4,0.941
"Scott Wedgewood",32,829,80,0.903,109,16,0.828,334,62,0.772,217,12,0.941,206,6,0.978
"Samuel Ersson",51,1156,121,0.895,158,21,0.847,502,84,0.799,284,27,0.895,274,11,0.97
"Ukko-Pekka Luukkonen",54,1435,121,0.916,227,24,0.882,621,86,0.839,376,22,0.938,334,14,0.968
"Anthony Stolarz",28,669,44,0.934,112,15,0.845,315,35,0.875,152,6,0.959,153,4,0.98
"Cayden Primeau",23,720,59,0.918,124,19,0.819,306,42,0.841,186,10,0.943,169,7,0.968
"Hunter Shepard",4,118,13,0.89,4,2,0,51,11,0.725,27,1,0.962,32,1,0.974
"Ivan Prosvetov",11,241,24,0.9,25,4,0.81,117,22,0.768,62,2,0.967,46,1,0.984
"Magnus Hellberg",3,62,5,0.919,4,0,1,28,4,0.833,18,1,0.941,14,0,1
"Cal Petersen",5,130,17,0.869,22,3,0.842,46,11,0.686,36,4,0.875,36,2,0.957
"Magnus Chrona",9,258,34,0.868,47,5,0.881,118,26,0.717,61,4,0.93,65,5,0.934
"Louis Domingue",1,22,1,0.955,2,0,1,7,1,0.833,8,0,1,7,0,1
"Dustin Wolf",17,462,47,0.898,72,12,0.8,192,35,0.777,116,9,0.916,116,3,0.981
"Alex Lyon",44,1297,115,0.911,166,22,0.847,547,87,0.811,310,19,0.935,339,10,0.977
"Calvin Pickard",26,628,53,0.916,82,14,0.794,266,40,0.823,172,12,0.925,134,2,0.99
"Andrei Vasilevskiy",57,1580,149,0.906,223,25,0.874,702,105,0.824,381,32,0.908,383,12,0.975
"Martin Jones",22,559,53,0.905,84,14,0.8,266,47,0.785,123,6,0.949,125,1,0.994
"Jet Greaves",9,314,28,0.911,54,6,0.875,130,20,0.818,84,6,0.923,73,2,0.98
"Jiri Patera",6,195,20,0.897,38,8,0.733,79,11,0.838,52,6,0.87,47,3,0.951
"Daniil Tarasov",24,775,67,0.914,111,17,0.819,315,45,0.833,210,19,0.901,191,4,0.984
"David Rittich",26,633,50,0.921,127,15,0.866,273,33,0.863,159,10,0.933,158,7,0.965
"Michael Hutchinson",1,34,1,0.971,11,0,1,10,1,0.889,7,0,1,14,0,1
"Chris Driedger",2,57,4,0.93,8,2,0.667,25,4,0.81,16,0,1,13,0,1
"Yaroslav Askarov",2,34,2,0.941,1,0,1,14,1,0.923,12,1,0.909,7,0,1
"Nico Daws",21,551,56,0.898,75,12,0.81,252,37,0.828,124,13,0.883,121,6,0.965
"Matt Murray",1,23,0,1,7,0,1,4,0,1,7,0,1,9,0,1
"Jesper Wallstedt",3,85,8,0.906,5,0,1,25,4,0.81,27,3,0.875,28,1,0.969
"Yaniv Perets",1,1,0,1,0,0,NA,1,0,1,0,0,NA,0,0,NA
"Kenneth Appleby",1,8,2,0.75,0,0,NA,4,1,0.667,2,1,0,1,0,1
"Mads Sogaard",6,133,18,0.865,25,3,0.864,57,11,0.761,28,4,0.833,39,3,0.933
"Justus Annunen",14,411,29,0.929,63,4,0.932,186,24,0.852,82,4,0.949,108,1,0.993
"Matt Villalta",2,28,4,0.857,4,1,0.667,12,4,0.5,6,0,1,7,0,1
"Felix Sandstrom",5,94,16,0.83,20,3,0.824,48,11,0.703,19,4,0.733,18,1,0.962
"Devin Cooley",6,180,21,0.883,25,1,0.958,75,15,0.75,46,3,0.93,43,3,0.946
"Arturs Silovs",14,352,38,0.892,57,10,0.787,150,25,0.8,90,5,0.941,84,8,0.924
"Ivan Fedotov",3,52,10,0.808,1,0,1,19,8,0.273,21,2,0.895,9,0,1
"Malcolm Subban",1,35,3,0.914,7,1,0.833,15,1,0.929,8,2,0.667,9,0,1
"Georgi Romanov",2,31,1,0.968,0,0,NA,16,1,0.933,7,0,1,5,0,1
